[gd_resource type="SkeletonProfile" format=3 uid="uid://iuc4n8cfo6p0"]

[resource]
group_size = 1
bone_size = 58
groups/0/group_name = &""
bones/0/bone_name = &"root"
bones/0/bone_parent = &""
bones/0/tail_direction = 0
bones/0/reference_pose = Transform3D(1, 0, 0, 0, 0, 1, 0, -1, 0, 0, 0, 0)
bones/0/handle_offset = Vector2(0.5, 0.95)
bones/0/group = &""
bones/0/require = false
bones/1/bone_name = &"DEF-hips"
bones/1/bone_parent = &"root"
bones/1/tail_direction = 0
bones/1/reference_pose = Transform3D(1, 0, 0, 0, -0.249681, -0.968328, 0, 0.968328, -0.249681, 0, 0.0501, 0.9167)
bones/1/handle_offset = Vector2(0.5, 0.465464)
bones/1/group = &""
bones/1/require = false
bones/2/bone_name = &"DEF-spine.001"
bones/2/bone_parent = &"DEF-hips"
bones/2/tail_direction = 0
bones/2/reference_pose = Transform3D(1, 0, 0, 0, 0.991627, 0.129134, 0, -0.129134, 0.991627, 0, 0.138176, -1.21072e-08)
bones/2/handle_offset = Vector2(0.5, 0.394741)
bones/2/group = &""
bones/2/require = false
bones/3/bone_name = &"DEF-spine.002"
bones/3/bone_parent = &"DEF-spine.001"
bones/3/tail_direction = 0
bones/3/reference_pose = Transform3D(1, 0, 0, 0, 0.988056, 0.154097, 0, -0.154097, 0.988056, 0, 0.124035, 3.49246e-10)
bones/3/handle_offset = Vector2(0.5, 0.329675)
bones/3/group = &""
bones/3/require = false
bones/4/bone_name = &"DEF-spine.003"
bones/4/bone_parent = &"DEF-spine.002"
bones/4/tail_direction = 0
bones/4/reference_pose = Transform3D(1, 0, 0, 0, 1, 0.000537183, 0, -0.000537183, 1, 0, 0.141272, 5.58794e-09)
bones/4/handle_offset = Vector2(0.5, 0.255041)
bones/4/group = &""
bones/4/require = false
bones/5/bone_name = &"DEF-neck"
bones/5/bone_parent = &"DEF-spine.003"
bones/5/tail_direction = 0
bones/5/reference_pose = Transform3D(1, 0, 0, 0, 0.975364, -0.2206, 0, 0.2206, 0.975364, 0, 0.172891, -1.86265e-09)
bones/5/handle_offset = Vector2(0.5, 0.163705)
bones/5/group = &""
bones/5/require = false
bones/6/bone_name = &"DEF-head"
bones/6/bone_parent = &"DEF-neck"
bones/6/tail_direction = 0
bones/6/reference_pose = Transform3D(1, 0, 0, 0, 0.987621, 0.156861, 0, -0.156861, 0.987621, 0, 0.0825868, -1.39698e-09)
bones/6/handle_offset = Vector2(0.5, 0.120839)
bones/6/group = &""
bones/6/require = false
bones/7/bone_name = &"DEF-jaw"
bones/7/bone_parent = &"DEF-head"
bones/7/tail_direction = 0
bones/7/reference_pose = Transform3D(1, -2.13163e-14, 2.38418e-07, 2.19721e-07, -0.388193, -0.921578, 9.25525e-08, 0.921578, -0.388193, 0, 0.0826805, 0.078453)
bones/7/handle_offset = Vector2(0.5, 0.078508)
bones/7/group = &""
bones/7/require = false
bones/8/bone_name = &"DEF-eye.L"
bones/8/bone_parent = &"DEF-head"
bones/8/tail_direction = 0
bones/8/reference_pose = Transform3D(1, 0, 0, 0, 0.0373222, -0.999303, 0, 0.999303, 0.0373222, 0.04, 0.137569, 0.106883)
bones/8/handle_offset = Vector2(0.521143, 0.05)
bones/8/group = &""
bones/8/require = false
bones/9/bone_name = &"DEF-eye.R"
bones/9/bone_parent = &"DEF-head"
bones/9/tail_direction = 0
bones/9/reference_pose = Transform3D(1, 0, 0, 0, 0.0373222, -0.999303, 0, 0.999303, 0.0373222, -0.04, 0.137569, 0.106883)
bones/9/handle_offset = Vector2(0.478857, 0.05)
bones/9/group = &""
bones/9/require = false
bones/10/bone_name = &"DEF-shoulder.L"
bones/10/bone_parent = &"DEF-spine.003"
bones/10/tail_direction = 0
bones/10/reference_pose = Transform3D(0.507313, 0.861762, 0.000551194, -0.0279645, 0.0158232, 0.999484, 0.861308, -0.507066, 0.0321261, 0.0188, 0.140554, 0.080895)
bones/10/handle_offset = Vector2(0.509937, 0.179404)
bones/10/group = &""
bones/10/require = false
bones/11/bone_name = &"DEF-upper_arm.L"
bones/11/bone_parent = &"DEF-shoulder.L"
bones/11/tail_direction = 0
bones/11/reference_pose = Transform3D(-0.304999, 0.21201, 0.928454, -0.714889, 0.593146, -0.370285, -0.629213, -0.776679, -0.0293458, -0.0202052, 0.17995, 0.00857869)
bones/11/handle_offset = Vector2(0.586488, 0.174927)
bones/11/group = &""
bones/11/require = false
bones/12/bone_name = &"DEF-forearm.L"
bones/12/bone_parent = &"DEF-upper_arm.L"
bones/12/tail_direction = 0
bones/12/reference_pose = Transform3D(1, 8.79701e-07, -7.02837e-07, -1.08446e-06, 0.920416, -0.39094, 3.02992e-07, 0.39094, 0.920416, -4.70318e-08, 0.238232, -1.49012e-08)
bones/12/handle_offset = Vector2(0.664343, 0.272774)
bones/12/group = &""
bones/12/require = false
bones/13/bone_name = &"DEF-hand.L"
bones/13/bone_parent = &"DEF-forearm.L"
bones/13/tail_direction = 0
bones/13/reference_pose = Transform3D(0.993519, 0.113664, 5.99306e-07, -0.112969, 0.98744, -0.110452, -0.0125551, 0.109737, 0.993881, 2.50293e-08, 0.273295, 3.1665e-08)
bones/13/handle_offset = Vector2(0.755126, 0.377737)
bones/13/group = &""
bones/13/require = false
bones/14/bone_name = &"DEF-f_index.01.L"
bones/14/bone_parent = &"DEF-hand.L"
bones/14/tail_direction = 0
bones/14/reference_pose = Transform3D(-0.522026, 0.0832933, 0.848853, 0.10771, 0.993691, -0.0312664, -0.846101, 0.0751077, -0.527704, 0.000717836, 0.0952082, 0.0314576)
bones/14/handle_offset = Vector2(0.778227, 0.410207)
bones/14/group = &""
bones/14/require = false
bones/15/bone_name = &"DEF-f_index.02.L"
bones/15/bone_parent = &"DEF-f_index.01.L"
bones/15/tail_direction = 0
bones/15/reference_pose = Transform3D(0.998337, 0.0576573, -6.75514e-07, -0.0576563, 0.998321, -0.00565361, -0.000325297, 0.00564424, 0.999984, 5.96046e-08, 0.0360996, -7.45058e-09)
bones/15/handle_offset = Vector2(0.786546, 0.424948)
bones/15/group = &""
bones/15/require = false
bones/16/bone_name = &"DEF-f_index.03.L"
bones/16/bone_parent = &"DEF-f_index.02.L"
bones/16/tail_direction = 0
bones/16/reference_pose = Transform3D(0.992307, -0.123503, 0.0086248, 0.1234, 0.981057, -0.149331, 0.00998138, 0.149247, 0.98875, -3.72529e-09, 0.0273877, 1.78814e-07)
bones/16/handle_offset = Vector2(0.793327, 0.436246)
bones/16/group = &""
bones/16/require = false
bones/17/bone_name = &"DEF-f_middle.01.L"
bones/17/bone_parent = &"DEF-hand.L"
bones/17/tail_direction = 0
bones/17/reference_pose = Transform3D(-0.167204, 0.0222595, 0.985671, 0.0745916, 0.997165, -0.0098658, -0.983097, 0.0718731, -0.16839, 0.00192196, 0.0931438, 0.013246)
bones/17/handle_offset = Vector2(0.778769, 0.413149)
bones/17/group = &""
bones/17/require = false
bones/18/bone_name = &"DEF-f_middle.02.L"
bones/18/bone_parent = &"DEF-f_middle.01.L"
bones/18/tail_direction = 0
bones/18/reference_pose = Transform3D(0.998998, 0.0447483, 8.22358e-07, -0.0445028, 0.99352, -0.104586, -0.00468087, 0.104481, 0.994516, 0, 0.0361635, 3.44589e-08)
bones/18/handle_offset = Vector2(0.788123, 0.427351)
bones/18/group = &""
bones/18/require = false
bones/19/bone_name = &"DEF-f_middle.03.L"
bones/19/bone_parent = &"DEF-f_middle.02.L"
bones/19/tail_direction = 0
bones/19/reference_pose = Transform3D(0.994578, -0.103985, 0.00142688, 0.103976, 0.994048, -0.0325175, 0.00196295, 0.0324895, 0.99947, 1.49012e-08, 0.0333665, -5.68107e-08)
bones/19/handle_offset = Vector2(0.795497, 0.441707)
bones/19/group = &""
bones/19/require = false
bones/20/bone_name = &"DEF-f_pinky.01.L"
bones/20/bone_parent = &"DEF-hand.L"
bones/20/tail_direction = 0
bones/20/reference_pose = Transform3D(0.956244, 0.0795383, 0.281551, -0.074245, 0.996805, -0.0294364, -0.282993, 0.00724462, 0.959094, -0.000483086, 0.0952895, -0.0322022)
bones/20/handle_offset = Vector2(0.784523, 0.421855)
bones/20/group = &""
bones/20/require = false
bones/21/bone_name = &"DEF-f_pinky.02.L"
bones/21/bone_parent = &"DEF-f_pinky.01.L"
bones/21/tail_direction = 0
bones/21/reference_pose = Transform3D(0.997669, 0.0682359, -6.84522e-08, -0.0674005, 0.985454, -0.156003, -0.010645, 0.15564, 0.987756, 6.51926e-09, 0.0359497, -1.39698e-09)
bones/21/handle_offset = Vector2(0.793118, 0.436999)
bones/21/group = &""
bones/21/require = false
bones/22/bone_name = &"DEF-f_pinky.03.L"
bones/22/bone_parent = &"DEF-f_pinky.02.L"
bones/22/tail_direction = 0
bones/22/reference_pose = Transform3D(0.992144, -0.1251, -0.000458787, 0.125101, 0.992121, 0.00670631, -0.000383789, -0.00671102, 0.999977, -6.23986e-08, 0.0183653, -3.72529e-09)
bones/22/handle_offset = Vector2(0.796296, 0.444682)
bones/22/group = &""
bones/22/require = false
bones/23/bone_name = &"DEF-f_ring.01.L"
bones/23/bone_parent = &"DEF-hand.L"
bones/23/tail_direction = 0
bones/23/reference_pose = Transform3D(0.794383, 0.0537619, 0.605034, -0.035955, 0.998491, -0.0415163, -0.606353, 0.0112258, 0.795116, 0.00165868, 0.107242, -0.00971834)
bones/23/handle_offset = Vector2(0.784845, 0.423041)
bones/23/group = &""
bones/23/require = false
bones/24/bone_name = &"DEF-f_ring.02.L"
bones/24/bone_parent = &"DEF-f_ring.01.L"
bones/24/tail_direction = 0
bones/24/reference_pose = Transform3D(0.998992, -0.0448833, -1.33645e-07, 0.0440054, 0.979451, -0.196821, 0.00883411, 0.196623, 0.980439, -3.53903e-08, 0.0359015, 0)
bones/24/handle_offset = Vector2(0.793841, 0.437895)
bones/24/group = &""
bones/24/require = false
bones/25/bone_name = &"DEF-f_ring.03.L"
bones/25/bone_parent = &"DEF-f_ring.02.L"
bones/25/tail_direction = 0
bones/25/reference_pose = Transform3D(0.996014, 0.0891902, 0.00100899, -0.0891903, 0.995761, 0.0224577, 0.000998302, -0.0224582, 0.999747, -5.58794e-08, 0.0237635, -3.72529e-09)
bones/25/handle_offset = Vector2(0.798362, 0.447215)
bones/25/group = &""
bones/25/require = false
bones/26/bone_name = &"DEF-thumb.01.L"
bones/26/bone_parent = &"DEF-hand.L"
bones/26/tail_direction = 0
bones/26/reference_pose = Transform3D(-0.987536, 0.0207488, 0.15602, 0.111246, 0.793254, 0.598642, -0.111342, 0.608537, -0.785675, 0.00257185, -0.00427007, 0.0141902)
bones/26/handle_offset = Vector2(0.751532, 0.374101)
bones/26/group = &""
bones/26/require = false
bones/27/bone_name = &"DEF-thumb.02.L"
bones/27/bone_parent = &"DEF-thumb.01.L"
bones/27/tail_direction = 0
bones/27/reference_pose = Transform3D(0.99866, -0.0517432, 9.33185e-07, 0.0513471, 0.991013, -0.123517, 0.00639023, 0.123351, 0.992342, -7.26432e-08, 0.0407258, 1.45286e-07)
bones/27/handle_offset = Vector2(0.757832, 0.382641)
bones/27/group = &""
bones/27/require = false
bones/28/bone_name = &"DEF-thumb.03.L"
bones/28/bone_parent = &"DEF-thumb.02.L"
bones/28/tail_direction = 0
bones/28/reference_pose = Transform3D(0.994248, 0.106039, -0.0150356, -0.105825, 0.9511, -0.290191, -0.0164712, 0.290113, 0.956851, -5.86733e-08, 0.0414993, -3.72529e-09)
bones/28/handle_offset = Vector2(0.764024, 0.393951)
bones/28/group = &""
bones/28/require = false
bones/29/bone_name = &"DEF-shoulder.R"
bones/29/bone_parent = &"DEF-spine.003"
bones/29/tail_direction = 0
bones/29/reference_pose = Transform3D(0.507313, -0.861762, -0.000551194, 0.0279645, 0.0158232, 0.999484, -0.861308, -0.507066, 0.0321261, -0.0188, 0.140554, 0.080895)
bones/29/handle_offset = Vector2(0.490063, 0.179404)
bones/29/group = &""
bones/29/require = false
bones/30/bone_name = &"DEF-upper_arm.R"
bones/30/bone_parent = &"DEF-shoulder.R"
bones/30/tail_direction = 0
bones/30/reference_pose = Transform3D(-0.304999, -0.212009, -0.928455, 0.714889, 0.593146, -0.370285, 0.629213, -0.776679, -0.0293456, 0.0202052, 0.17995, 0.00857869)
bones/30/handle_offset = Vector2(0.413511, 0.174927)
bones/30/group = &""
bones/30/require = false
bones/31/bone_name = &"DEF-forearm.R"
bones/31/bone_parent = &"DEF-upper_arm.R"
bones/31/tail_direction = 0
bones/31/reference_pose = Transform3D(1, -8.94555e-07, 7.46597e-07, 1.11524e-06, 0.920416, -0.39094, -3.37462e-07, 0.39094, 0.920416, -8.3819e-09, 0.238232, 3.72529e-09)
bones/31/handle_offset = Vector2(0.335657, 0.272774)
bones/31/group = &""
bones/31/require = false
bones/32/bone_name = &"DEF-hand.R"
bones/32/bone_parent = &"DEF-forearm.R"
bones/32/tail_direction = 0
bones/32/reference_pose = Transform3D(0.993519, -0.113665, -8.5542e-07, 0.112969, 0.98744, -0.110452, 0.0125554, 0.109737, 0.993881, -5.84405e-08, 0.273295, -2.23517e-08)
bones/32/handle_offset = Vector2(0.244873, 0.377737)
bones/32/group = &""
bones/32/require = false
bones/33/bone_name = &"DEF-f_index.01.R"
bones/33/bone_parent = &"DEF-hand.R"
bones/33/tail_direction = 0
bones/33/reference_pose = Transform3D(-0.522026, -0.0832932, -0.848852, -0.10771, 0.993691, -0.0312662, 0.846101, 0.0751079, -0.527704, -0.000717927, 0.0952081, 0.0314576)
bones/33/handle_offset = Vector2(0.221773, 0.410207)
bones/33/group = &""
bones/33/require = false
bones/34/bone_name = &"DEF-f_index.02.R"
bones/34/bone_parent = &"DEF-f_index.01.R"
bones/34/tail_direction = 0
bones/34/reference_pose = Transform3D(0.998337, -0.0576573, 6.10045e-07, 0.0576564, 0.99832, -0.0056536, 0.000325362, 0.00564423, 0.999984, -2.23517e-08, 0.0360995, -3.72529e-08)
bones/34/handle_offset = Vector2(0.213454, 0.424948)
bones/34/group = &""
bones/34/require = false
bones/35/bone_name = &"DEF-f_index.03.R"
bones/35/bone_parent = &"DEF-f_index.02.R"
bones/35/tail_direction = 0
bones/35/reference_pose = Transform3D(0.992307, 0.123503, -0.00862535, -0.123401, 0.981057, -0.149331, -0.00998086, 0.149247, 0.98875, -1.49012e-08, 0.0273877, -5.58794e-08)
bones/35/handle_offset = Vector2(0.206673, 0.436246)
bones/35/group = &""
bones/35/require = false
bones/36/bone_name = &"DEF-f_middle.01.R"
bones/36/bone_parent = &"DEF-hand.R"
bones/36/tail_direction = 0
bones/36/reference_pose = Transform3D(-0.167203, -0.0222594, -0.985671, -0.0745917, 0.997166, -0.00986575, 0.983097, 0.0718733, -0.168389, -0.00192196, 0.0931437, 0.013246)
bones/36/handle_offset = Vector2(0.221231, 0.413149)
bones/36/group = &""
bones/36/require = false
bones/37/bone_name = &"DEF-f_middle.02.R"
bones/37/bone_parent = &"DEF-f_middle.01.R"
bones/37/tail_direction = 0
bones/37/reference_pose = Transform3D(0.998998, -0.0447484, -1.53366e-06, 0.0445029, 0.99352, -0.104586, 0.0046816, 0.104481, 0.994516, -2.23517e-08, 0.0361635, -4.74975e-08)
bones/37/handle_offset = Vector2(0.211877, 0.427351)
bones/37/group = &""
bones/37/require = false
bones/38/bone_name = &"DEF-f_middle.03.R"
bones/38/bone_parent = &"DEF-f_middle.02.R"
bones/38/tail_direction = 0
bones/38/reference_pose = Transform3D(0.994578, 0.103985, -0.00142709, -0.103976, 0.994048, -0.0325175, -0.00196274, 0.0324896, 0.99947, 0, 0.0333665, 4.74975e-08)
bones/38/handle_offset = Vector2(0.204503, 0.441707)
bones/38/group = &""
bones/38/require = false
bones/39/bone_name = &"DEF-f_pinky.01.R"
bones/39/bone_parent = &"DEF-hand.R"
bones/39/tail_direction = 0
bones/39/reference_pose = Transform3D(0.956244, -0.0795382, -0.281551, 0.0742449, 0.996805, -0.0294365, 0.282993, 0.0072447, 0.959095, 0.000482966, 0.0952894, -0.0322022)
bones/39/handle_offset = Vector2(0.215477, 0.421855)
bones/39/group = &""
bones/39/require = false
bones/40/bone_name = &"DEF-f_pinky.02.R"
bones/40/bone_parent = &"DEF-f_pinky.01.R"
bones/40/tail_direction = 0
bones/40/reference_pose = Transform3D(0.997669, -0.068236, 2.00234e-08, 0.0674005, 0.985454, -0.156003, 0.010645, 0.155639, 0.987757, 2.23517e-08, 0.0359496, -3.86499e-08)
bones/40/handle_offset = Vector2(0.206881, 0.436999)
bones/40/group = &""
bones/40/require = false
bones/41/bone_name = &"DEF-f_pinky.03.R"
bones/41/bone_parent = &"DEF-f_pinky.02.R"
bones/41/tail_direction = 0
bones/41/reference_pose = Transform3D(0.992144, 0.1251, 0.000458741, -0.125101, 0.992121, 0.00670628, 0.000383832, -0.00671099, 0.999977, 6.33299e-08, 0.0183653, 1.11759e-08)
bones/41/handle_offset = Vector2(0.203704, 0.444682)
bones/41/group = &""
bones/41/require = false
bones/42/bone_name = &"DEF-f_ring.01.R"
bones/42/bone_parent = &"DEF-hand.R"
bones/42/tail_direction = 0
bones/42/reference_pose = Transform3D(0.794383, -0.0537618, -0.605034, 0.0359549, 0.998491, -0.0415163, 0.606352, 0.0112259, 0.795117, -0.00165877, 0.107242, -0.00971837)
bones/42/handle_offset = Vector2(0.215155, 0.423041)
bones/42/group = &""
bones/42/require = false
bones/43/bone_name = &"DEF-f_ring.02.R"
bones/43/bone_parent = &"DEF-f_ring.01.R"
bones/43/tail_direction = 0
bones/43/reference_pose = Transform3D(0.998992, 0.0448832, -5.9139e-08, -0.0440053, 0.979451, -0.196821, -0.0088339, 0.196622, 0.980439, -1.17347e-07, 0.0359015, 2.6077e-08)
bones/43/handle_offset = Vector2(0.206159, 0.437895)
bones/43/group = &""
bones/43/require = false
bones/44/bone_name = &"DEF-f_ring.03.R"
bones/44/bone_parent = &"DEF-f_ring.02.R"
bones/44/tail_direction = 0
bones/44/reference_pose = Transform3D(0.996014, -0.0891901, -0.00100898, 0.0891903, 0.995761, 0.0224577, -0.000998294, -0.0224581, 0.999747, 3.35276e-08, 0.0237635, -1.11759e-08)
bones/44/handle_offset = Vector2(0.201638, 0.447215)
bones/44/group = &""
bones/44/require = false
bones/45/bone_name = &"DEF-thumb.01.R"
bones/45/bone_parent = &"DEF-hand.R"
bones/45/tail_direction = 0
bones/45/reference_pose = Transform3D(-0.987536, -0.0207487, -0.15602, -0.111246, 0.793254, 0.598642, 0.111342, 0.608538, -0.785675, -0.00257191, -0.00427015, 0.0141902)
bones/45/handle_offset = Vector2(0.248467, 0.374101)
bones/45/group = &""
bones/45/require = false
bones/46/bone_name = &"DEF-thumb.02.R"
bones/46/bone_parent = &"DEF-thumb.01.R"
bones/46/tail_direction = 0
bones/46/reference_pose = Transform3D(0.99866, 0.0517432, -1.20304e-06, -0.0513472, 0.991013, -0.123517, -0.00638997, 0.123352, 0.992342, 4.88944e-08, 0.0407259, -9.31323e-09)
bones/46/handle_offset = Vector2(0.242168, 0.382641)
bones/46/group = &""
bones/46/require = false
bones/47/bone_name = &"DEF-thumb.03.R"
bones/47/bone_parent = &"DEF-thumb.02.R"
bones/47/tail_direction = 0
bones/47/reference_pose = Transform3D(0.994248, -0.106039, 0.0150357, 0.105825, 0.951099, -0.290191, 0.0164711, 0.290113, 0.956851, -4.19095e-09, 0.0414993, -2.6077e-08)
bones/47/handle_offset = Vector2(0.235975, 0.393951)
bones/47/group = &""
bones/47/require = false
bones/48/bone_name = &"DEF-breast.L"
bones/48/bone_parent = &"DEF-spine.003"
bones/48/tail_direction = 0
bones/48/reference_pose = Transform3D(-1, -3.55271e-15, -8.74227e-08, -8.73769e-08, -0.0323905, 0.999475, -2.83167e-09, 0.999475, 0.0323905, 0.0812, 0.0175029, 0.136038)
bones/48/handle_offset = Vector2(0.54292, 0.243466)
bones/48/group = &""
bones/48/require = false
bones/49/bone_name = &"DEF-breast.R"
bones/49/bone_parent = &"DEF-spine.003"
bones/49/tail_direction = 0
bones/49/reference_pose = Transform3D(-1, -3.55271e-15, -8.74227e-08, -8.73769e-08, -0.0323905, 0.999475, -2.83167e-09, 0.999475, 0.0323905, -0.0812, 0.0175029, 0.136038)
bones/49/handle_offset = Vector2(0.45708, 0.243466)
bones/49/group = &""
bones/49/require = false
bones/50/bone_name = &"DEF-thigh.L"
bones/50/bone_parent = &"DEF-hips"
bones/50/tail_direction = 0
bones/50/reference_pose = Transform3D(-0.32983, 0.0114323, -0.943963, -0.130432, -0.990888, 0.0335732, -0.934986, 0.134198, 0.328314, 0.102485, -0.00753146, 0.0790414)
bones/50/handle_offset = Vector2(0.55417, 0.47975)
bones/50/group = &""
bones/50/require = false
bones/51/bone_name = &"DEF-shin.L"
bones/51/bone_parent = &"DEF-thigh.L"
bones/51/tail_direction = 0
bones/51/reference_pose = Transform3D(1, -1.77023e-10, -1.37843e-07, -5.99779e-09, 0.998996, -0.0447948, 1.37712e-07, 0.0447948, 0.998996, 1.86265e-09, 0.39321, -4.65661e-10)
bones/51/handle_offset = Vector2(0.556546, 0.686134)
bones/51/group = &""
bones/51/require = false
bones/52/bone_name = &"DEF-foot.L"
bones/52/bone_parent = &"DEF-shin.L"
bones/52/tail_direction = 0
bones/52/reference_pose = Transform3D(-0.359598, -0.88019, 0.309766, -0.0341246, 0.344155, 0.938292, -0.932483, 0.326837, -0.153794, -6.51926e-09, 0.400518, -5.82077e-11)
bones/52/handle_offset = Vector2(0.550012, 0.896613)
bones/52/group = &""
bones/52/require = false
bones/53/bone_name = &"DEF-toe.L"
bones/53/bone_parent = &"DEF-foot.L"
bones/53/tail_direction = 0
bones/53/reference_pose = Transform3D(-0.99949, 0.0319139, -2.48011e-06, 0.0286894, 0.898472, -0.438092, -0.013979, -0.437869, -0.89893, 2.13754e-09, 0.195856, 3.14321e-09)
bones/53/handle_offset = Vector2(0.547043, 0.941966)
bones/53/group = &""
bones/53/require = false
bones/54/bone_name = &"DEF-thigh.R"
bones/54/bone_parent = &"DEF-hips"
bones/54/tail_direction = 0
bones/54/reference_pose = Transform3D(-0.329831, -0.0114323, 0.943964, 0.130432, -0.990889, 0.0335731, 0.934986, 0.134198, 0.328314, -0.102485, -0.00753146, 0.0790414)
bones/54/handle_offset = Vector2(0.44583, 0.47975)
bones/54/group = &""
bones/54/require = false
bones/55/bone_name = &"DEF-shin.R"
bones/55/bone_parent = &"DEF-thigh.R"
bones/55/tail_direction = 0
bones/55/reference_pose = Transform3D(1, 1.69197e-08, 1.69755e-08, -1.61423e-08, 0.998996, -0.0447948, -1.77163e-08, 0.0447948, 0.998996, -7.45058e-09, 0.39321, -7.91624e-09)
bones/55/handle_offset = Vector2(0.443454, 0.686135)
bones/55/group = &""
bones/55/require = false
bones/56/bone_name = &"DEF-foot.R"
bones/56/bone_parent = &"DEF-shin.R"
bones/56/tail_direction = 0
bones/56/reference_pose = Transform3D(-0.359598, 0.88019, -0.309766, 0.0341246, 0.344156, 0.938292, 0.932483, 0.326837, -0.153794, 9.31323e-10, 0.400518, 3.72529e-09)
bones/56/handle_offset = Vector2(0.449987, 0.896613)
bones/56/group = &""
bones/56/require = false
bones/57/bone_name = &"DEF-toe.R"
bones/57/bone_parent = &"DEF-foot.R"
bones/57/tail_direction = 0
bones/57/reference_pose = Transform3D(-0.999491, -0.0319139, 2.49082e-06, -0.0286895, 0.898472, -0.438092, 0.013979, -0.437869, -0.89893, -5.51534e-09, 0.195856, 3.0268e-09)
bones/57/handle_offset = Vector2(0.452957, 0.941966)
bones/57/group = &""
bones/57/require = false
